joint angle1: 0.2850 -0.6920 0.1752 1.290 -0.1931 0.976 -0.3540
joint angle2: 0.6750 -0.7640 0.1589 1.4760 -0.1605 0.8899 -0.0567
joint angle3: 0.7844 -0.3818 0.1023 0.6154 -0.1489 1.3692 0.0785
joint angle4: 1.1034 -0.5714 0.0607 1.0754 -0.1103 1.1064 0.2755
joint angle5: 0.6981 -0.7233 0.0597 1.345 -0.1294 0.9843 -0.006

joint angle6: (0.6972, -0.7171, 0.063, 1.3341, -0.1317, 0.9855, -0.0083)
 pose: x:0.74, y:-0.32, z:-0.02, vx:-0.02, vy:1.0, vz:-0.03, w:-0.02

joint angle7:(1.0887, -0.5703, 0.0639, 1.0736, -0.1132, 1.1035, 0.2636)
{1.502460520900752, 0.5961378502990347, 2.460483464641298, 1.9086419405238044,-0.10846167163333659, -2.4152173932560896, 1.1243185964272804}


pose: (x:0.75, y:-0.04, z:-0.04, vx: -0.06, vy:1.0, vz:-0.03, w: -0.01)

new joint angles
[ 0.91693702 -0.60515542 -0.13345633  0.99900499  0.05867477  1.20033997
 -0.05752428]
[ 0.93534479 -0.69757776 -0.319068    1.24904386  0.19404857  1.08068947
 -0.32136898]
[ 1.06766968 -0.57392224 -0.38857265  0.97902982  0.28840469  1.21884274
 -0.23655989]
[ 0.77657777 -0.32520393 -0.05138836  0.40803889  0.02684466  1.46955359
 -0.1119806 ]
[ 0.48282045 -0.73937874  0.26537868  1.28969435 -0.29682528  1.05767975
 -0.13192235]

return to start angles
(0.7858, -1.0485, 0.0821, 1.172, -0.1185, 1.4005, -0.0487)
